port:
  device: "/dev/port_stepper"
  baud: 9600
  theta_limit: [-1.047197551, 1.047197551]   # -60 to 60 degrees
  acceleration: 100
  current_limit: 2800
  high_speed: 40000
  low_speed: 10000

starboard:
  device: "/dev/starboard_stepper"
  baud: 9600
  theta_limit: [-1.047197551, 1.047197551]   # -60 to 60 degrees
  acceleration: 100
  current_limit: 2800
  high_speed: 40000
  low_speed: 10000
