lag_tolerance: 100

# Process Model
Q_omegaBNb_diag: [1e1, 1e1, 1e1]
Q_aBNb_diag: [1, 1, 1]
Q_gbBNi_diag: [1e-11, 1e-11, 1e-11]


# Imu Measurement Model
Rib:
- [ 1, 0, 0]
- [ 0, 1, 0]
- [ 0, 0, 1]

rIBb: [0, 0, 0]

gn: [0, 0, 9.80665]

mag_scale: 1

mag_vector: [0.776105, 0.165334, 0.608544] # Unit magnetic vector in {n}

imu_variance_diag: [3.6e-1,3.6e-1,3.6e-1, 2.5e-3,2.5e-3,2.5e-3, 1e-3,1e-3,1e-3]

# Gps Measurement Model
gps_origin: [21.308752, -157.891869, 0] # Latitude, Longitude, Altitude

gps_variance_diag: [1e1, 1e1, 1e1]


# Initial State

x_init: [0,0,0, 1,0,0,0, 0,0,0, 0,0,0, 0,0,0]

P_init_diag: [1e4,1e4,4e2, 5e-1,5e-1,5e-1,5e-1, 1e-4,1e-4,1e-4, 1e-3,1e-3,1e-3, 1,1,1]
